Evaluation of same topology graph for various degree of hidden nodes, infected class scale:1.2
Train graphs:8,Test graphs:8,hidden_nodes:0.2, k_days:15
No.of_days_used:180
GCN(
  (conv1): GCNConv(5, 16)
  (conv2): GCNConv(16, 16)
  (out): Linear(in_features=16, out_features=5, bias=True)
)
[0m 0s], Epoch: 000, Loss: 1.6063
[0m 34s], Epoch: 100, Loss: 1.2283
[1m 8s], Epoch: 200, Loss: 1.2075
[1m 42s], Epoch: 300, Loss: 1.1945
[2m 16s], Epoch: 400, Loss: 1.1882
[2m 50s], Epoch: 500, Loss: 1.1842
[3m 24s], Epoch: 600, Loss: 1.1814
Test_set:0, Test Accuracy: 0.7036,
 confusion_matrix:[[38430  8550   420     0    33]
 [  537  4567  1774    92    51]
 [  369  6751  7014  3179   136]
 [   91  5428 10659 51263  2000]
 [   29   132   461  1993    41]]
Accuracy = 
[[8.10195434e-01 1.80254253e-01 8.85459490e-03 0.00000000e+00
  6.95718171e-04]
 [7.64848312e-02 6.50477140e-01 2.52670560e-01 1.31035465e-02
  7.26392252e-03]
 [2.11473437e-02 3.86898963e-01 4.01971460e-01 1.82188091e-01
  7.79414293e-03]
 [1.31046500e-03 7.81670771e-02 1.53497213e-01 7.38223816e-01
  2.88014286e-02]
 [1.09186747e-02 4.96987952e-02 1.73569277e-01 7.50376506e-01
  1.54367470e-02]]
Precision = 
[[9.73996350e-01 3.36243511e-01 2.06611570e-02 0.00000000e+00
  1.45953118e-02]
 [1.36100973e-02 1.79605160e-01 8.72687918e-02 1.62754082e-03
  2.25563910e-02]
 [9.35218978e-03 2.65494730e-01 3.45041322e-01 5.62386116e-02
  6.01503759e-02]
 [2.30636659e-03 2.13465471e-01 5.24350649e-01 9.06876360e-01
  8.84564352e-01]
 [7.34995945e-04 5.19112789e-03 2.26780795e-02 3.52574876e-02
  1.81335692e-02]]
Test_set:1, Test Accuracy: 0.6252,
 confusion_matrix:[[27234  9873   187    75     2]
 [  701  5787  1024    30   153]
 [  453  8766  6081  3247  1288]
 [  133  5881 12103 50714  7523]
 [   49   298   389  1797   212]]
Accuracy = 
[[7.28746889e-01 2.64188810e-01 5.00388001e-03 2.00690375e-03
  5.35174333e-05]
 [9.10981157e-02 7.52046784e-01 1.33073424e-01 3.89863548e-03
  1.98830409e-02]
 [2.28384169e-02 4.41946055e-01 3.06579279e-01 1.63700529e-01
  6.49357197e-02]
 [1.74188648e-03 7.70228148e-02 1.58511669e-01 6.64195720e-01
  9.85279095e-02]
 [1.78506375e-02 1.08561020e-01 1.41712204e-01 6.54644809e-01
  7.72313297e-02]]
Precision = 
[[9.53237662e-01 3.22594347e-01 9.45208249e-03 1.34257022e-03
  2.17912399e-04]
 [2.45362268e-02 1.89086751e-01 5.17589972e-02 5.37028087e-04
  1.66702985e-02]
 [1.58557928e-02 2.86423787e-01 3.07369592e-01 5.81243399e-02
  1.40335585e-01]
 [4.65523276e-03 1.92158144e-01 6.11756975e-01 9.07828079e-01
  8.19677490e-01]
 [1.71508575e-03 9.73697108e-03 1.96623534e-02 3.21679824e-02
  2.30987143e-02]]
Test_set:2, Test Accuracy: 0.6929,
 confusion_matrix:[[43061  7707   461    82    54]
 [  710  4973  1293   127     9]
 [  456  7468  6075  2349   403]
 [  167  5448 12384 45649  2029]
 [   14   349   576  2131    25]]
Accuracy = 
[[0.8383335  0.1500438  0.00897498 0.00159642 0.0010513 ]
 [0.09983127 0.69924072 0.1818054  0.01785714 0.00126547]
 [0.02722226 0.44582413 0.36266492 0.14023043 0.02405827]
 [0.00254275 0.08295141 0.18855916 0.69505306 0.03089362]
 [0.00452342 0.11276252 0.18610662 0.68852989 0.00807754]]
Precision = 
[[9.69667627e-01 2.97051455e-01 2.21751888e-02 1.62898804e-03
  2.14285714e-02]
 [1.59881103e-02 1.91674696e-01 6.21963538e-02 2.52294489e-03
  3.57142857e-03]
 [1.02684201e-02 2.87839661e-01 2.92221848e-01 4.66645477e-02
  1.59920635e-01]
 [3.76058368e-03 2.09982656e-01 5.95699649e-01 9.06849696e-01
  8.05158730e-01]
 [3.15258512e-04 1.34515321e-02 2.77069604e-02 4.23338234e-02
  9.92063492e-03]]
#####################################################################
Train graphs:8,Test graphs:8,hidden_nodes:0.5, k_days:15
No.of_days_used:180
GCN(
  (conv1): GCNConv(5, 16)
  (conv2): GCNConv(16, 16)
  (out): Linear(in_features=16, out_features=5, bias=True)
)
[0m 0s], Epoch: 000, Loss: 1.6075
[0m 34s], Epoch: 100, Loss: 1.2691
[1m 8s], Epoch: 200, Loss: 1.2515
[1m 42s], Epoch: 300, Loss: 1.2423
[2m 17s], Epoch: 400, Loss: 1.2353
[2m 51s], Epoch: 500, Loss: 1.2314
[3m 25s], Epoch: 600, Loss: 1.2277
Test_set:0, Test Accuracy: 0.7135,
 confusion_matrix:[[ 98548  17989   2175     78      0]
 [  1834   8740   6351    125      0]
 [  1096  10628  23735   6722      0]
 [   399   6400  42208 125823     60]
 [    43    202   1780   5064      0]]
Accuracy = 
[[8.29598451e-01 1.51435306e-01 1.83096220e-02 6.56620928e-04
  0.00000000e+00]
 [1.07565982e-01 5.12609971e-01 3.72492669e-01 7.33137830e-03
  0.00000000e+00]
 [2.59832626e-02 2.51961784e-01 5.62694104e-01 1.59360850e-01
  0.00000000e+00]
 [2.28143404e-03 3.65944308e-02 2.41340271e-01 7.19440791e-01
  3.43072789e-04]
 [6.06573565e-03 2.84948512e-02 2.51093243e-01 7.14346170e-01
  0.00000000e+00]]
Precision = 
[[9.66915228e-01 4.09222230e-01 2.85249643e-02 5.65988448e-04
  0.00000000e+00]
 [1.79945055e-02 1.98821629e-01 8.32928956e-02 9.07032769e-04
  0.00000000e+00]
 [1.07535322e-02 2.41770741e-01 3.11282771e-01 4.87765942e-02
  0.00000000e+00]
 [3.91483516e-03 1.45590209e-01 5.53554801e-01 9.13004673e-01
  1.00000000e+00]
 [4.21899529e-04 4.59519097e-03 2.33445685e-02 3.67457115e-02
  0.00000000e+00]]
Test_set:1, Test Accuracy: 0.6780,
 confusion_matrix:[[ 71905  20569    871    217      0]
 [  2485  12639   4494    172      0]
 [  1273  16968  22133   7796     14]
 [   582  10518  41196 137402     35]
 [    59    485   1806   6381      0]]
Accuracy = 
[[7.68527821e-01 2.19843526e-01 9.30933499e-03 2.31931767e-03
  0.00000000e+00]
 [1.25568469e-01 6.38655887e-01 2.27084386e-01 8.69125821e-03
  0.00000000e+00]
 [2.64195584e-02 3.52150091e-01 4.59343350e-01 1.61796447e-01
  2.90552881e-04]
 [3.06746850e-03 5.54357966e-02 2.17126172e-01 7.24186093e-01
  1.84469755e-04]
 [6.75753064e-03 5.55491925e-02 2.06849158e-01 7.30844119e-01
  0.00000000e+00]]
Precision = 
[[9.42349025e-01 3.36210137e-01 1.23546099e-02 1.42793220e-03
  0.00000000e+00]
 [3.25671000e-02 2.06590497e-01 6.37446809e-02 1.13181722e-03
  0.00000000e+00]
 [1.66832669e-02 2.77350071e-01 3.13943262e-01 5.13002737e-02
  2.85714286e-01]
 [7.62738520e-03 1.71921738e-01 5.84340426e-01 9.04150874e-01
  7.14285714e-01]
 [7.73222898e-04 7.92755684e-03 2.56170213e-02 4.19891030e-02
  0.00000000e+00]]
Test_set:2, Test Accuracy: 0.7179,
 confusion_matrix:[[108692  18026   1583     86      0]
 [  1941  10146   5613    208      7]
 [  1305  12384  21348   8312      6]
 [   381   7502  36524 118257    141]
 [    33    338   1829   5338      0]]
Accuracy = 
[[8.46596618e-01 1.40403623e-01 1.23299088e-02 6.69849751e-04
  0.00000000e+00]
 [1.08344962e-01 5.66341055e-01 3.13312866e-01 1.16103824e-02
  3.90734022e-04]
 [3.01003344e-02 2.85641794e-01 4.92399954e-01 1.91719525e-01
  1.38392342e-04]
 [2.34022297e-03 4.60796659e-02 2.24342004e-01 7.26372040e-01
  8.66066767e-04]
 [4.37781905e-03 4.48394800e-02 2.42637304e-01 7.08145397e-01
  0.00000000e+00]]
Precision = 
[[9.67423811e-01 3.72468799e-01 2.36632435e-02 6.50524580e-04
  0.00000000e+00]
 [1.72760610e-02 2.09645425e-01 8.39051079e-02 1.57336177e-03
  4.54545455e-02]
 [1.16152805e-02 2.55888916e-01 3.19117449e-01 6.28739571e-02
  3.89610390e-02]
 [3.39112788e-03 1.55012811e-01 5.45973661e-01 8.94524247e-01
  9.15584416e-01]
 [2.93719738e-04 6.98404827e-03 2.73405384e-02 4.03779094e-02
  0.00000000e+00]]
#####################################################################
Train graphs:8,Test graphs:8,hidden_nodes:0.7, k_days:15
No.of_days_used:180
GCN(
  (conv1): GCNConv(5, 16)
  (conv2): GCNConv(16, 16)
  (out): Linear(in_features=16, out_features=5, bias=True)
)
[0m 0s], Epoch: 000, Loss: 1.6083
[0m 34s], Epoch: 100, Loss: 1.3099
[1m 8s], Epoch: 200, Loss: 1.2980
[1m 42s], Epoch: 300, Loss: 1.2914
[2m 16s], Epoch: 400, Loss: 1.2878
[2m 50s], Epoch: 500, Loss: 1.2843
[3m 24s], Epoch: 600, Loss: 1.2808
Test_set:0, Test Accuracy: 0.7019,
 confusion_matrix:[[138043  27703   1308     84      3]
 [  2417  15558   6411    188     11]
 [  1434  19635  28788   9022    356]
 [   466  11082  56512 171295   4212]
 [    30    467   2250   6644     81]]
Accuracy = 
[[8.25907467e-01 1.65746286e-01 7.82572798e-03 5.02569687e-04
  1.79489174e-05]
 [9.83119788e-02 6.32824893e-01 2.60768761e-01 7.64693919e-03
  4.47427293e-04]
 [2.42086604e-02 3.31476323e-01 4.85996455e-01 1.52308601e-01
  6.00996033e-03]
 [1.91323127e-03 4.54987745e-02 2.32018295e-01 7.03276716e-01
  1.72929830e-02]
 [3.16722973e-03 4.93032095e-02 2.37542230e-01 7.01435811e-01
  8.55152027e-03]]
Precision = 
[[9.69471171e-01 3.72127074e-01 1.37295448e-02 4.48638862e-04
  6.43362642e-04]
 [1.69745066e-02 2.08986500e-01 6.72936632e-02 1.00409650e-03
  2.35899635e-03]
 [1.00709319e-02 2.63751763e-01 3.02175944e-01 4.81859501e-02
  7.63457002e-02]
 [3.27270173e-03 1.48861576e-01 5.93183512e-01 9.14876117e-01
  9.03281149e-01]
 [2.10688953e-04 6.27308751e-03 2.36173362e-02 3.54851976e-02
  1.73707913e-02]]
Test_set:1, Test Accuracy: 0.6533,
 confusion_matrix:[[ 96486  33563    955    130      0]
 [  2623  19296   5765    124      0]
 [  1599  25555  30300   9513    169]
 [   697  16107  65272 183016   1822]
 [    20    531   2741   7559    157]]
Accuracy = 
[[0.73578172 0.2559443  0.00728263 0.00099135 0.        ]
 [0.09432537 0.69390104 0.20731444 0.00445915 0.        ]
 [0.02381733 0.38064526 0.45132269 0.14169745 0.00251728]
 [0.00261133 0.06034528 0.24454319 0.68567404 0.00682617]
 [0.00181686 0.04823765 0.24900073 0.68668241 0.01426235]]
Precision = 
[[9.51303919e-01 3.53101460e-01 9.09238049e-03 6.48890397e-04
  0.00000000e+00]
 [2.58614740e-02 2.03004671e-01 5.48875115e-02 6.18941610e-04
  0.00000000e+00]
 [1.57653439e-02 2.68852838e-01 2.88480763e-01 4.74838027e-02
  7.86778399e-02]
 [6.87207296e-03 1.69454614e-01 6.21442785e-01 9.13517884e-01
  8.48230912e-01]
 [1.97190042e-04 5.58641586e-03 2.60965601e-02 3.77304809e-02
  7.30912477e-02]]
Test_set:2, Test Accuracy: 0.6959,
 confusion_matrix:[[150845  28153    838    120      8]
 [  2442  17229   4977    178      3]
 [  1530  22225  26220   9093    363]
 [   490  13749  56583 156358   3615]
 [     5    475   2391   6049     61]]
Accuracy = 
[[8.38195417e-01 1.56436843e-01 4.65648685e-03 6.66800027e-04
  4.44533351e-05]
 [9.83527327e-02 6.93906319e-01 2.00451085e-01 7.16903621e-03
  1.20826453e-04]
 [2.57441403e-02 3.73963083e-01 4.41183894e-01 1.53000959e-01
  6.10792347e-03]
 [2.12309625e-03 5.95723478e-02 2.45165623e-01 6.77475682e-01
  1.56632509e-02]
 [5.56730876e-04 5.28894332e-02 2.66228705e-01 6.73533014e-01
  6.79211669e-03]]
Precision = 
[[9.71238539e-01 3.44038323e-01 9.20788054e-03 6.98494744e-04
  1.97530864e-03]
 [1.57231895e-02 2.10543681e-01 5.46868991e-02 1.03610054e-03
  7.40740741e-04]
 [9.85113835e-03 2.71596339e-01 2.88103374e-01 5.29284392e-02
  8.96296296e-02]
 [3.15493973e-03 1.68017011e-01 6.21729719e-01 9.10127010e-01
  8.92592593e-01]
 [3.21932626e-05 5.80464616e-03 2.62721269e-02 3.52099559e-02
  1.50617284e-02]]
#####################################################################
Train graphs:8,Test graphs:8,hidden_nodes:0.8, k_days:15
No.of_days_used:180
GCN(
  (conv1): GCNConv(5, 16)
  (conv2): GCNConv(16, 16)
  (out): Linear(in_features=16, out_features=5, bias=True)
)
[0m 0s], Epoch: 000, Loss: 1.6088
[0m 34s], Epoch: 100, Loss: 1.3237
[1m 7s], Epoch: 200, Loss: 1.3121
[1m 41s], Epoch: 300, Loss: 1.3038
[2m 15s], Epoch: 400, Loss: 1.2999
[2m 49s], Epoch: 500, Loss: 1.2978
[3m 24s], Epoch: 600, Loss: 1.2958
Test_set:0, Test Accuracy: 0.7214,
 confusion_matrix:[[156316  33247   1341     93      0]
 [  2655  17063   7732    328     12]
 [  1519  20460  33389  12375    382]
 [   403   9518  58735 208705   1629]
 [    35    480   2010   7524     49]]
Accuracy = 
[[8.18421232e-01 1.74070797e-01 7.02105269e-03 4.86918643e-04
  0.00000000e+00]
 [9.55379633e-02 6.13997841e-01 2.78229579e-01 1.18028068e-02
  4.31810004e-04]
 [2.22972477e-02 3.00330275e-01 4.90113761e-01 1.81651376e-01
  5.60733945e-03]
 [1.44449622e-03 3.41159181e-02 2.10527259e-01 7.48073408e-01
  5.83891896e-03]
 [3.46603288e-03 4.75341652e-02 1.99049317e-01 7.45098039e-01
  4.85244603e-03]]
Precision = 
[[9.71341221e-01 4.11635796e-01 1.29933047e-02 4.06069206e-04
  0.00000000e+00]
 [1.64980612e-02 2.11259410e-01 7.49173990e-02 1.43215806e-03
  5.79150579e-03]
 [9.43900378e-03 2.53318146e-01 3.23514878e-01 5.40334025e-02
  1.84362934e-01]
 [2.50422549e-03 1.17843700e-01 5.69098995e-01 9.11276062e-01
  7.86196911e-01]
 [2.17488566e-04 5.94294770e-03 1.94754232e-02 3.28523087e-02
  2.36486486e-02]]
Test_set:1, Test Accuracy: 0.6747,
 confusion_matrix:[[107584  40373   1428    228      0]
 [  2653  20064   8596    321     31]
 [  1636  23141  37896  13066    707]
 [   665  12543  66141 223050   3146]
 [    61    595   2811   9235     29]]
Accuracy = 
[[0.7190819  0.26984955 0.00954463 0.00152393 0.        ]
 [0.08378336 0.63363335 0.27146692 0.01013738 0.000979  ]
 [0.02140073 0.30271041 0.49572247 0.17091803 0.00924836]
 [0.00217644 0.04105124 0.21646893 0.73000704 0.01029636]
 [0.00479145 0.04673631 0.22079962 0.72539471 0.0022779 ]]
Precision = 
[[9.55461416e-01 4.17438686e-01 1.22184954e-02 9.27206181e-04
  0.00000000e+00]
 [2.35614881e-02 2.07452748e-01 7.35505510e-02 1.30540870e-03
  7.92231025e-03]
 [1.45294363e-02 2.39267546e-01 3.24252173e-01 5.31354209e-02
  1.80679785e-01]
 [5.90591391e-03 1.29688986e-01 5.65926826e-01 9.07076047e-01
  8.03986711e-01]
 [5.41745486e-04 6.15203276e-03 2.40519543e-02 3.75559170e-02
  7.41119346e-03]]
Test_set:2, Test Accuracy: 0.7142,
 confusion_matrix:[[171550  32203   1455    131      0]
 [  2729  17905   7479    210     59]
 [  1699  20156  33161  12288    387]
 [   550  10086  62370 188720   2392]
 [     9    459   2545   7431     26]]
Accuracy = 
[[8.35447723e-01 1.56828464e-01 7.08584341e-03 6.37969407e-04
  0.00000000e+00]
 [9.61524910e-02 6.30857586e-01 2.63512085e-01 7.39905574e-03
  2.07878233e-03]
 [2.50993485e-02 2.97764843e-01 4.89887873e-01 1.81530780e-01
  5.71715590e-03]
 [2.08240256e-03 3.81874768e-02 2.36144451e-01 7.14529112e-01
  9.05655805e-03]
 [8.59598854e-04 4.38395415e-02 2.43075454e-01 7.09742120e-01
  2.48328558e-03]]
Precision = 
[[9.71750964e-01 3.98507592e-01 1.35968601e-02 6.27454737e-04
  0.00000000e+00]
 [1.54585158e-02 2.21571855e-01 6.98906644e-02 1.00584347e-03
  2.06005587e-02]
 [9.62404482e-03 2.49427663e-01 3.09886926e-01 5.88562123e-02
  1.35125698e-01]
 [3.11549420e-03 1.24812830e-01 5.82842725e-01 9.03918000e-01
  8.35195531e-01]
 [5.09808142e-05 5.68006039e-03 2.37828240e-02 3.55924897e-02
  9.07821229e-03]]
#####################################################################
Train graphs:8,Test graphs:8,hidden_nodes:0.9, k_days:15
No.of_days_used:180
GCN(
  (conv1): GCNConv(5, 16)
  (conv2): GCNConv(16, 16)
  (out): Linear(in_features=16, out_features=5, bias=True)
)
[0m 0s], Epoch: 000, Loss: 1.6092
[0m 34s], Epoch: 100, Loss: 1.3367
[1m 8s], Epoch: 200, Loss: 1.3222
[1m 42s], Epoch: 300, Loss: 1.3181
[2m 15s], Epoch: 400, Loss: 1.3169
[2m 48s], Epoch: 500, Loss: 1.3153
[3m 22s], Epoch: 600, Loss: 1.3151
Test_set:0, Test Accuracy: 0.6458,
 confusion_matrix:[[178533  34903   1451      2     98]
 [  3278  19444   7916    294     96]
 [  1946  23395  35949  12136   3096]
 [   541  11809  62960 182228  55493]
 [    51    507   2641   6897   2336]]
Accuracy = 
[[8.30436259e-01 1.62349351e-01 6.74924530e-03 9.30288808e-06
  4.55841516e-04]
 [1.05646513e-01 6.26659791e-01 2.55124404e-01 9.47531262e-03
  3.09397963e-03]
 [2.54305951e-02 3.05729071e-01 4.69786467e-01 1.58594914e-01
  4.04589530e-02]
 [1.72826333e-03 3.77246982e-02 2.01130239e-01 5.82140427e-01
  1.77276372e-01]
 [4.10231660e-03 4.07818533e-02 2.12435650e-01 5.54777992e-01
  1.87902188e-01]]
Precision = 
[[9.68451144e-01 3.87561349e-01 1.30818540e-02 9.92275138e-06
  1.60342938e-03]
 [1.77814905e-02 2.15905305e-01 7.13686811e-02 1.45864445e-03
  1.57070633e-03]
 [1.05560649e-02 2.59777033e-01 3.24107215e-01 6.02112554e-02
  5.06552790e-02]
 [2.93465112e-03 1.31126607e-01 5.67631652e-01 9.04101569e-01
  9.07950065e-01]
 [2.76649182e-04 5.62970530e-03 2.38105971e-02 3.42186081e-02
  3.82205206e-02]]
Test_set:1, Test Accuracy: 0.5890,
 confusion_matrix:[[124106  42631   1391    124    173]
 [  3441  22798   8978    286    220]
 [  2048  25987  41488  11124   5544]
 [   878  14110  72862 190356  65208]
 [    61    636   3032   7593   2925]]
Accuracy = 
[[7.36862105e-01 2.53115630e-01 8.25886893e-03 7.36232745e-04
  1.02716343e-03]
 [9.63244968e-02 6.38188282e-01 2.51322677e-01 8.00604652e-03
  6.15849733e-03]
 [2.37611816e-02 3.01504797e-01 4.81349561e-01 1.29062199e-01
  6.43222610e-02]
 [2.55668086e-03 4.10874338e-02 2.12169568e-01 5.54304717e-01
  1.89881601e-01]
 [4.28160314e-03 4.46409770e-02 2.12816733e-01 5.32954306e-01
  2.05306380e-01]]
Precision = 
[[9.50756125e-01 4.01565532e-01 1.08883688e-02 5.91933474e-04
  2.33562846e-03]
 [2.63609481e-02 2.14747273e-01 7.02773364e-02 1.36526592e-03
  2.97016336e-03]
 [1.56893989e-02 2.44786270e-01 3.24756753e-01 5.31021610e-02
  7.48481166e-02]
 [6.72621692e-03 1.32910081e-01 5.70343872e-01 9.08694262e-01
  8.80356420e-01]
 [4.67311199e-04 5.99084418e-03 2.37336694e-02 3.62463780e-02
  3.94896719e-02]]
Test_set:2, Test Accuracy: 0.6697,
 confusion_matrix:[[195824  33861   1307    127     26]
 [  3561  20641   7428    229    129]
 [  2353  24037  34234  13199   3006]
 [   770  12703  59995 181736  40433]
 [    22    587   2726   7530   1536]]
Accuracy = 
[[8.47191157e-01 1.46492461e-01 5.65445932e-03 5.49438664e-04
  1.12483506e-04]
 [1.11322996e-01 6.45273227e-01 2.32212080e-01 7.15893460e-03
  4.03276229e-03]
 [3.06264562e-02 3.12863632e-01 4.45586953e-01 1.71797108e-01
  3.91258509e-02]
 [2.60454544e-03 4.29682347e-02 2.02934680e-01 6.14726844e-01
  1.36765696e-01]
 [1.77405048e-03 4.73348923e-02 2.19820982e-01 6.07209096e-01
  1.23860979e-01]]
Precision = 
[[9.66888856e-01 3.68739723e-01 1.23663544e-02 6.26167902e-04
  5.76113450e-04]
 [1.75825804e-02 2.24776487e-01 7.02810105e-02 1.12907441e-03
  2.85840904e-03]
 [1.16180319e-02 2.61758268e-01 3.23909547e-01 6.50770877e-02
  6.66075781e-02]
 [3.80190589e-03 1.38333206e-01 5.67650677e-01 8.96041337e-01
  8.95922889e-01]
 [1.08625883e-04 6.39231615e-03 2.57924118e-02 3.71263331e-02
  3.40350100e-02]]
#####################################################################
Train graphs:8,Test graphs:8,hidden_nodes:0.95, k_days:15
No.of_days_used:180
GCN(
  (conv1): GCNConv(5, 16)
  (conv2): GCNConv(16, 16)
  (out): Linear(in_features=16, out_features=5, bias=True)
)
[0m 0s], Epoch: 000, Loss: 1.6095
[0m 34s], Epoch: 100, Loss: 1.3560
[1m 8s], Epoch: 200, Loss: 1.3376
[1m 42s], Epoch: 300, Loss: 1.3320
[2m 16s], Epoch: 400, Loss: 1.3303
[2m 49s], Epoch: 500, Loss: 1.3301
[3m 23s], Epoch: 600, Loss: 1.3293
Test_set:0, Test Accuracy: 0.6438,
 confusion_matrix:[[183292  42470   1348     86     17]
 [  3200  21152   8034    198    168]
 [  1893  26217  39152   8597   4181]
 [   593  13764  81221 195225  39807]
 [    53    648   3270   7890   1524]]
Accuracy = 
[[8.06696800e-01 1.86917122e-01 5.93275913e-03 3.78499470e-04
  7.48196626e-05]
 [9.77039570e-02 6.45823156e-01 2.45297997e-01 6.04543234e-03
  5.12945774e-03]
 [2.36506747e-02 3.27548726e-01 4.89155422e-01 1.07408796e-01
  5.22363818e-02]
 [1.79365415e-03 4.16321345e-02 2.45670125e-01 5.90499380e-01
  1.20404706e-01]
 [3.95965633e-03 4.84124019e-02 2.44303325e-01 5.89465820e-01
  1.13858797e-01]]
Precision = 
[[9.69639900e-01 4.07382183e-01 1.01334336e-02 4.05668031e-04
  3.72015668e-04]
 [1.69284403e-02 2.02894936e-01 6.03946627e-02 9.33979886e-04
  3.67639014e-03]
 [1.00142305e-02 2.51479602e-01 2.94320616e-01 4.05526519e-02
  9.14939712e-02]
 [3.13705159e-03 1.32027511e-01 6.10569442e-01 9.20890017e-01
  8.71107513e-01]
 [2.80377293e-04 6.21576771e-03 2.45818455e-02 3.72176834e-02
  3.33501105e-02]]
Test_set:1, Test Accuracy: 0.6145,
 confusion_matrix:[[128002  47576   1638    272     83]
 [  3679  23872   9780    189    228]
 [  2204  27029  44147  11465   6553]
 [  1046  14495  76975 222441  46628]
 [    78    651   3433   9705   1831]]
Accuracy = 
[[7.20849688e-01 2.67926632e-01 9.22447922e-03 1.53178165e-03
  4.67418666e-04]
 [9.74621172e-02 6.32404366e-01 2.59086574e-01 5.00688778e-03
  6.04005510e-03]
 [2.41143132e-02 2.95728572e-01 4.83019322e-01 1.25440382e-01
  7.16974113e-02]
 [2.89281912e-03 4.00873930e-02 2.12882172e-01 6.15183152e-01
  1.28954464e-01]
 [4.96878583e-03 4.14702510e-02 2.18690279e-01 6.18231622e-01
  1.16639062e-01]]
Precision = 
[[9.48099756e-01 4.18718041e-01 1.20465092e-02 1.11442525e-03
  1.50028017e-03]
 [2.72500352e-02 2.10098308e-01 7.19260441e-02 7.74361664e-04
  4.12125156e-03]
 [1.63248376e-02 2.37883175e-01 3.24674752e-01 4.69738438e-02
  1.18449831e-01]
 [7.74763164e-03 1.27571002e-01 5.66105036e-01 9.11374512e-01
  8.42832095e-01]
 [5.77739262e-04 5.72947379e-03 2.52476595e-02 3.97628569e-02
  3.30965421e-02]]
Test_set:2, Test Accuracy: 0.6588,
 confusion_matrix:[[202408  39855   1572     69     77]
 [  3310  21923   7955    330    274]
 [  2285  24951  35417  12082   6043]
 [   597  13476  64541 188859  44974]
 [    31    596   2793   7601   1981]]
Accuracy = 
[[8.29605584e-01 1.63352884e-01 6.44312467e-03 2.82808907e-04
  3.15598346e-04]
 [9.79521780e-02 6.48763021e-01 2.35410748e-01 9.76562500e-03
  8.10842803e-03]
 [2.82874050e-02 3.08883607e-01 4.38448587e-01 1.49570428e-01
  7.48099730e-02]
 [1.91072406e-03 4.31305149e-02 2.06566234e-01 6.04451315e-01
  1.43941212e-01]
 [2.38424858e-03 4.58391017e-02 2.14813106e-01 5.84602369e-01
  1.52361175e-01]]
Precision = 
[[9.70172218e-01 3.95382982e-01 1.40009619e-02 3.30236765e-04
  1.44332602e-03]
 [1.58653316e-02 2.17487922e-01 7.08509236e-02 1.57939323e-03
  5.13599130e-03]
 [1.09523513e-02 2.47527306e-01 3.15440247e-01 5.78249362e-02
  1.13272976e-01]
 [2.86151147e-03 1.33689150e-01 5.74832113e-01 9.03886743e-01
  8.43014864e-01]
 [1.48587698e-04 5.91263976e-03 2.48757548e-02 3.63786906e-02
  3.71328422e-02]]
#####################################################################
