gnn_seird_cluster.py:310: RuntimeWarning: invalid value encountered in true_divide
  print(f'Accuracy = \n'
gnn_seird_cluster.py:310: RuntimeWarning: invalid value encountered in true_divide
  print(f'Accuracy = \n'
gnn_seird_cluster.py:310: RuntimeWarning: invalid value encountered in true_divide
  print(f'Accuracy = \n'
Evaluation: same topology graph, 4 layer GCN
Train graphs:8,Test graphs:8,hidden_nodes:0.2, k_days:15
No.of_days_used:180
GCN1(
  (conv1): GCNConv(5, 16)
  (conv2): GCNConv(16, 16)
  (conv3): GCNConv(16, 16)
  (conv4): GCNConv(16, 16)
  (out): Linear(in_features=16, out_features=5, bias=True)
)
[0m 0s], Epoch: 000, Loss: 1.6075
[0m 51s], Epoch: 100, Loss: 1.3419
[1m 42s], Epoch: 200, Loss: 1.3379
[2m 34s], Epoch: 300, Loss: 1.3366
[3m 25s], Epoch: 400, Loss: 1.3351
[4m 17s], Epoch: 500, Loss: 1.3348
[5m 10s], Epoch: 600, Loss: 1.3341
[6m 2s], Epoch: 700, Loss: 1.3292
[6m 54s], Epoch: 800, Loss: 1.3276
[7m 46s], Epoch: 900, Loss: 1.3209
Test_set:0, Test Accuracy: 0.5868,
 confusion_matrix:[[38959  8203   271     0     0]
 [  587  4578  1719    79    58]
 [  417  5222  8408  2335  1067]
 [   98  2497 13756 31836 21254]
 [   24    84   500  1324   724]]
Accuracy = 
[[0.82134801 0.17293867 0.00571332 0.         0.        ]
 [0.08360632 0.65204387 0.24483692 0.01125196 0.00826093]
 [0.02389822 0.29927216 0.48186142 0.13381856 0.06114964]
 [0.00141127 0.03595858 0.19809623 0.45846114 0.30607278]
 [0.00903614 0.03162651 0.18825301 0.49849398 0.27259036]]
Precision = 
[[9.71909692e-01 3.98513408e-01 1.09921311e-02 0.00000000e+00
  0.00000000e+00]
 [1.46438818e-02 2.22405752e-01 6.97249939e-02 2.22072300e-03
  2.51049647e-03]
 [1.04028939e-02 2.53692188e-01 3.41039994e-01 6.56378254e-02
  4.61844782e-02]
 [2.44480479e-03 1.21307812e-01 5.57962197e-01 8.94923259e-01
  9.19967104e-01]
 [5.98727704e-04 4.08083949e-03 2.02806847e-02 3.72181931e-02
  3.13379215e-02]]
Test_set:1, Test Accuracy: 0.5142,
 confusion_matrix:[[27583  9419   292    77     0]
 [  715  5087  1811    25    57]
 [  483  6153  8877  2578  1744]
 [  139  2902 13740 31593 27980]
 [   54   189   462  1136   904]]
Accuracy = 
[[0.73808568 0.25204035 0.00781355 0.00206042 0.        ]
 [0.09291748 0.66107862 0.23534763 0.00324886 0.00740741]
 [0.02435089 0.31020923 0.44754222 0.12997227 0.08792538]
 [0.00182047 0.03800718 0.17995128 0.41377007 0.366451  ]
 [0.01967213 0.06885246 0.16830601 0.41384335 0.32932605]]
Precision = 
[[9.51991441e-01 3.96589474e-01 1.15955841e-02 2.17458838e-03
  0.00000000e+00]
 [2.46772969e-02 2.14189474e-01 7.19164483e-02 7.06035189e-04
  1.85758514e-03]
 [1.66701180e-02 2.59073684e-01 3.52513700e-01 7.28063487e-02
  5.68355874e-02]
 [4.79740457e-03 1.22189474e-01 5.45627829e-01 8.92230789e-01
  9.11846179e-01]
 [1.86373990e-03 7.95789474e-03 1.83464379e-02 3.20822390e-02
  2.94606485e-02]]
Test_set:2, Test Accuracy: 0.5710,
 confusion_matrix:[[42903  7960   374    40    88]
 [  679  4604  1699   104    26]
 [  429  5414  7507  1479  1922]
 [  160  2728 12655 26255 23879]
 [   16   155   697  1278   949]]
Accuracy = 
[[8.35257471e-01 1.54969337e-01 7.28122262e-03 7.78740387e-04
  1.71322885e-03]
 [9.54724409e-02 6.47356580e-01 2.38892013e-01 1.46231721e-02
  3.65579303e-03]
 [2.56104113e-02 3.23204585e-01 4.48152349e-01 8.82932362e-02
  1.14739419e-01]
 [2.43616487e-03 4.15366110e-02 1.92685415e-01 3.99759429e-01
  3.63582380e-01]
 [5.16962843e-03 5.00807754e-02 2.25201939e-01 4.12924071e-01
  3.06623586e-01]]
Precision = 
[[9.70941680e-01 3.81573271e-01 1.63090877e-02 1.37193031e-03
  3.27575938e-03]
 [1.53665105e-02 2.20698912e-01 7.40886098e-02 3.56701880e-03
  9.67837999e-04]
 [9.70873786e-03 2.59527348e-01 3.27359149e-01 5.07271231e-02
  7.15455628e-02]
 [3.62097449e-03 1.30770337e-01 5.51848945e-01 9.00500755e-01
  8.88884753e-01]
 [3.62097449e-04 7.43013278e-03 3.03942090e-02 4.38331733e-02
  3.53260870e-02]]
#####################################################################
Train graphs:8,Test graphs:8,hidden_nodes:0.5, k_days:15
No.of_days_used:180
GCN1(
  (conv1): GCNConv(5, 16)
  (conv2): GCNConv(16, 16)
  (conv3): GCNConv(16, 16)
  (conv4): GCNConv(16, 16)
  (out): Linear(in_features=16, out_features=5, bias=True)
)
[0m 0s], Epoch: 000, Loss: 1.6076
[0m 51s], Epoch: 100, Loss: 1.3430
[1m 43s], Epoch: 200, Loss: 1.3386
[2m 35s], Epoch: 300, Loss: 1.3372
[3m 27s], Epoch: 400, Loss: 1.3369
[4m 19s], Epoch: 500, Loss: 1.3365
[5m 11s], Epoch: 600, Loss: 1.3359
[6m 3s], Epoch: 700, Loss: 1.3354
[6m 55s], Epoch: 800, Loss: 1.3351
[7m 47s], Epoch: 900, Loss: 1.3351
Test_set:0, Test Accuracy: 0.6252,
 confusion_matrix:[[98328 19595   774    34    59]
 [ 1779 10734  4375   162     0]
 [ 1102 12738 21471  6187   683]
 [  404  6640 41327 92880 33639]
 [   41   262  1603  3537  1646]]
Accuracy = 
[[8.27746443e-01 1.64954963e-01 6.51569997e-03 2.86219379e-04
  4.96674804e-04]
 [1.04340176e-01 6.29560117e-01 2.56598240e-01 9.50146628e-03
  0.00000000e+00]
 [2.61255067e-02 3.01984306e-01 5.09020649e-01 1.46677414e-01
  1.61921244e-02]
 [2.31002344e-03 3.79667219e-02 2.36302819e-01 5.31076677e-01
  1.92343759e-01]
 [5.78360841e-03 3.69586684e-02 2.26124982e-01 4.98942023e-01
  2.32190718e-01]]
Precision = 
[[9.67281169e-01 3.92143129e-01 1.11286844e-02 3.30739300e-04
  1.63766064e-03]
 [1.75005411e-02 2.14813184e-01 6.29043853e-02 1.57587549e-03
  0.00000000e+00]
 [1.08406949e-02 2.54918049e-01 3.08713156e-01 6.01848249e-02
  1.89580037e-02]
 [3.97426565e-03 1.32882387e-01 5.94205607e-01 9.03501946e-01
  9.33716379e-01]
 [4.03328939e-04 5.24325082e-03 2.30481668e-02 3.44066148e-02
  4.56879563e-02]]
Test_set:1, Test Accuracy: 0.6209,
 confusion_matrix:[[ 70818  21651    884    209      0]
 [  2260  12149   5212    169      0]
 [  1183  14415  24225   8033    328]
 [   532   7452  42061 115152  24536]
 [    55    292   1934   5264   1186]]
Accuracy = 
[[0.75690986 0.23140805 0.00944828 0.00223381 0.        ]
 [0.11419909 0.61389591 0.26336534 0.00853967 0.        ]
 [0.02455172 0.2991657  0.50276025 0.16671509 0.00680724]
 [0.00280394 0.03927625 0.22168521 0.60691603 0.12931857]
 [0.00629939 0.03344405 0.22150956 0.60290917 0.13583782]]
Precision = 
[[9.46157546e-01 3.86908272e-01 1.18951504e-02 1.62233072e-03
  0.00000000e+00]
 [3.01945276e-02 2.17105381e-01 7.01329458e-02 1.31183680e-03
  0.00000000e+00]
 [1.58053655e-02 2.57599314e-01 3.25972873e-01 6.23549411e-02
  1.25911708e-02]
 [7.10773835e-03 1.33168927e-01 5.65975026e-01 8.93849892e-01
  9.41880998e-01]
 [7.34822574e-04 5.21810611e-03 2.60240056e-02 4.08609996e-02
  4.55278311e-02]]
Test_set:2, Test Accuracy: 0.6375,
 confusion_matrix:[[108083  19349    891     64      0]
 [  1829  11408   4509    169      0]
 [  1219  12213  21632   7125   1166]
 [   344   5980  38215  87286  30980]
 [    33    333   1834   4256   1082]]
Accuracy = 
[[8.41853147e-01 1.50708405e-01 6.93995498e-03 4.98492838e-04
  0.00000000e+00]
 [1.02093218e-01 6.36784817e-01 2.51688529e-01 9.43343567e-03
  0.00000000e+00]
 [2.81167109e-02 2.81697613e-01 4.98950525e-01 1.64340906e-01
  2.68942452e-02]
 [2.11295722e-03 3.67310586e-02 2.34728663e-01 5.36138325e-01
  1.90288996e-01]
 [4.37781905e-03 4.41761741e-02 2.43300610e-01 5.64605996e-01
  1.43539400e-01]]
Precision = 
[[9.69284715e-01 3.92610028e-01 1.32824496e-02 6.47118301e-04
  0.00000000e+00]
 [1.64024106e-02 2.31479415e-01 6.72172448e-02 1.70879676e-03
  0.00000000e+00]
 [1.09319511e-02 2.47813648e-01 3.22475813e-01 7.20424671e-02
  3.50908872e-02]
 [3.08498045e-03 1.21340016e-01 5.69684411e-01 8.82568251e-01
  9.32346214e-01]
 [2.95942892e-04 6.75689386e-03 2.73400814e-02 4.30333670e-02
  3.25628988e-02]]
#####################################################################
Train graphs:8,Test graphs:8,hidden_nodes:0.8, k_days:15
No.of_days_used:180
GCN1(
  (conv1): GCNConv(5, 16)
  (conv2): GCNConv(16, 16)
  (conv3): GCNConv(16, 16)
  (conv4): GCNConv(16, 16)
  (out): Linear(in_features=16, out_features=5, bias=True)
)
[0m 0s], Epoch: 000, Loss: 1.6076
[0m 51s], Epoch: 100, Loss: 1.3424
[1m 43s], Epoch: 200, Loss: 1.3353
[2m 35s], Epoch: 300, Loss: 1.3345
[3m 27s], Epoch: 400, Loss: 1.3339
[4m 19s], Epoch: 500, Loss: 1.3339
[5m 11s], Epoch: 600, Loss: 1.3338
[6m 2s], Epoch: 700, Loss: 1.3337
[6m 54s], Epoch: 800, Loss: 1.3333
[7m 46s], Epoch: 900, Loss: 1.3334
Test_set:0, Test Accuracy: 0.3773,
 confusion_matrix:[[159580  30132   1078      0     96]
 [  3133  17332   6777      0    282]
 [  1856  21478  32185      0  12866]
 [   569  10939  56577      0 210185]
 [    49    449   2190      0   8247]]
Accuracy = 
[[8.35996354e-01 1.57853378e-01 5.64734973e-03 0.00000000e+00
  5.02917972e-04]
 [1.13827932e-01 6.29704985e-01 2.46221479e-01 0.00000000e+00
  1.02456038e-02]
 [2.71404548e-02 3.14074724e-01 4.70644147e-01 0.00000000e+00
  1.88140674e-01]
 [2.04477666e-03 3.93107414e-02 2.03316922e-01 0.00000000e+00
  7.55327560e-01]
 [4.48102423e-03 4.10608139e-02 2.00274348e-01 0.00000000e+00
  7.54183813e-01]]
Precision = 
[[9.66056651e-01 3.75102701e-01 1.09101582e-02            nan
  4.14371795e-04]
 [1.89663836e-02 2.15759990e-01 6.85882579e-02            nan
  1.21721715e-03]
 [1.12357510e-02 2.67372090e-01 3.25736031e-01            nan
  5.55344533e-02]
 [3.44458099e-03 1.36175775e-01 5.72601131e-01            nan
  9.07236831e-01]
 [2.96633512e-04 5.58944355e-03 2.21644215e-02            nan
  3.55971270e-02]]
Test_set:1, Test Accuracy: 0.3069,
 confusion_matrix:[[110806  37115   1079      0    262]
 [  3116  20733   7684      0    332]
 [  1889  24207  35950      0  15186]
 [   897  13213  61267      0 229899]
 [    60    576   2467      0   9262]]
Accuracy = 
[[0.74235907 0.24865672 0.0072289  0.         0.0017553 ]
 [0.09778754 0.65065118 0.24114232 0.         0.01041895]
 [0.02445877 0.31343226 0.46548063 0.         0.19662834]
 [0.00293832 0.04328214 0.2006938  0.         0.75308573]
 [0.00485241 0.0465831  0.19951476 0.         0.74904974]]
Precision = 
[[9.48941491e-01 3.87243855e-01 9.94956061e-03            nan
  1.02768876e-03]
 [2.66853933e-02 2.16320270e-01 7.08548876e-02            nan
  1.30226209e-03]
 [1.61773774e-02 2.52566671e-01 3.31498336e-01            nan
  5.95667233e-02]
 [7.68189915e-03 1.37859438e-01 5.64948777e-01            nan
  9.01773351e-01]
 [5.13839408e-04 6.00976587e-03 2.27484393e-02            nan
  3.63299744e-02]]
Test_set:2, Test Accuracy: 0.4043,
 confusion_matrix:[[174571  29463   1290      0    144]
 [  3428  17735   6857      0    288]
 [  2080  20596  32472      0  13193]
 [   593  10553  58646      0 192770]
 [    38    509   2650      0   8124]]
Accuracy = 
[[8.49626219e-01 1.43394592e-01 6.27834991e-03 0.00000000e+00
  7.00839060e-04]
 [1.21096510e-01 6.26501342e-01 2.42228345e-01 0.00000000e+00
  1.01738025e-02]
 [3.04356097e-02 3.01371066e-01 4.75146691e-01 0.00000000e+00
  1.93046634e-01]
 [2.25851418e-03 4.01924117e-02 2.23360578e-01 0.00000000e+00
  7.34188496e-01]
 [3.35659394e-03 4.49606925e-02 2.34078262e-01 0.00000000e+00
  7.17604452e-01]]
Precision = 
[[9.66028443e-01 3.73630415e-01 1.26576068e-02            nan
  6.71269212e-04]
 [1.89696198e-02 2.24903622e-01 6.72815582e-02            nan
  1.34253842e-03]
 [1.15101544e-02 2.61184945e-01 3.18618457e-01            nan
  6.15003799e-02]
 [3.28150075e-03 1.33826215e-01 5.75440318e-01            nan
  8.98615041e-01]
 [2.10281667e-04 6.45480369e-03 2.60020605e-02            nan
  3.78707714e-02]]
#####################################################################
Train graphs:8,Test graphs:8,hidden_nodes:0.9, k_days:15
No.of_days_used:180
GCN1(
  (conv1): GCNConv(5, 16)
  (conv2): GCNConv(16, 16)
  (conv3): GCNConv(16, 16)
  (conv4): GCNConv(16, 16)
  (out): Linear(in_features=16, out_features=5, bias=True)
)
[0m 0s], Epoch: 000, Loss: 1.6076
[0m 51s], Epoch: 100, Loss: 1.3510
[1m 43s], Epoch: 200, Loss: 1.3386
[2m 35s], Epoch: 300, Loss: 1.3366
[3m 27s], Epoch: 400, Loss: 1.3360
[4m 19s], Epoch: 500, Loss: 1.3354
[5m 11s], Epoch: 600, Loss: 1.3353
[6m 2s], Epoch: 700, Loss: 1.3352
[6m 54s], Epoch: 800, Loss: 1.3348
[7m 46s], Epoch: 900, Loss: 1.3350
Test_set:0, Test Accuracy: 0.3980,
 confusion_matrix:[[179362  34229   1367      1     95]
 [  3485  19407   7647     82    529]
 [  2062  23797  33643   1281  15731]
 [   660  12008  54610  16318 229214]
 [    48    558   2224    466   9176]]
Accuracy = 
[[8.34032383e-01 1.59164675e-01 6.35654301e-03 4.64999489e-06
  4.41749514e-04]
 [1.11878010e-01 6.23017657e-01 2.45489567e-01 2.63242376e-03
  1.69823435e-02]
 [2.69493165e-02 3.11014978e-01 4.39697310e-01 1.67420341e-02
  2.05596361e-01]
 [2.10990697e-03 3.83875196e-02 1.74578818e-01 5.21658515e-02
  7.32757904e-01]
 [3.84862091e-03 4.47402181e-02 1.78319436e-01 3.73636947e-02
  7.35728031e-01]]
Precision = 
[[9.66301578e-01 3.80326448e-01 1.37399363e-02 5.51024906e-05
  3.72921942e-04]
 [1.87752199e-02 2.15635729e-01 7.68612236e-02 4.51840423e-03
  2.07658639e-03]
 [1.11088963e-02 2.64414049e-01 3.38151190e-01 7.05862905e-02
  6.17519480e-02]
 [3.55570880e-03 1.33423705e-01 5.48893870e-01 8.99162442e-01
  8.99778210e-01]
 [2.58597004e-04 6.20006889e-03 2.23537807e-02 2.56777606e-02
  3.60203341e-02]]
Test_set:1, Test Accuracy: 0.3278,
 confusion_matrix:[[126503  40049   1621      6    342]
 [  3814  21888   9539     59    472]
 [  2357  24583  41196   1053  16846]
 [   889  13081  67951  12457 248914]
 [    65    569   3016    356  10374]]
Accuracy = 
[[7.50666089e-01 2.37649907e-01 9.61897924e-03 3.56038713e-05
  2.02942067e-03]
 [1.06619703e-01 6.11875210e-01 2.66661076e-01 1.64933468e-03
  1.31946774e-02]
 [2.73958273e-02 2.85732551e-01 4.78828384e-01 1.22392050e-02
  1.95804033e-01]
 [2.58963215e-03 3.81045873e-02 1.97939364e-01 3.62868928e-02
  7.25079524e-01]
 [4.52016690e-03 3.95688456e-02 2.09735744e-01 2.47566064e-02
  7.21418637e-01]]
Precision = 
[[9.46680336e-01 3.99810322e-01 1.31443445e-02 4.30694135e-04
  1.23488886e-03]
 [2.85419224e-02 2.18508535e-01 7.73497239e-02 4.23515900e-03
  1.70429106e-03]
 [1.76385189e-02 2.45412798e-01 3.34049610e-01 7.55868208e-02
  6.08273033e-02]
 [6.65279732e-03 1.30588000e-01 5.51000219e-01 8.94192807e-01
  8.98775221e-01]
 [4.86425001e-04 5.68034342e-03 2.44561031e-02 2.55545187e-02
  3.74582954e-02]]
Test_set:2, Test Accuracy: 0.4125,
 confusion_matrix:[[197460  32285   1069      6    156]
 [  3929  21034   6568     24    411]
 [  2528  25316  32292    665  15921]
 [   790  13451  57447   8133 216783]
 [    38    564   2357    413   8360]]
Accuracy = 
[[8.54894015e-01 1.39776427e-01 4.62818648e-03 2.59767249e-05
  6.75394846e-04]
 [1.22911844e-01 6.58011637e-01 2.05468310e-01 7.50797723e-04
  1.28574110e-02]
 [3.29501316e-02 3.29970543e-01 4.20896223e-01 8.66765726e-03
  2.07515445e-01]
 [2.66348397e-03 4.53500290e-02 1.93682486e-01 2.74203989e-02
  7.30883602e-01]
 [3.23900443e-03 4.80736447e-02 2.00903512e-01 3.52028640e-02
  7.12580975e-01]]
Precision = 
[[9.64419156e-01 3.48461954e-01 1.07186187e-02 6.49280381e-04
  6.45612525e-04]
 [1.91897238e-02 2.27026444e-01 6.58558351e-02 2.59712152e-03
  1.70094069e-03]
 [1.23470659e-02 2.73243389e-01 3.23784505e-01 7.19619089e-02
  6.58897244e-02]
 [3.85845808e-03 1.45180788e-01 5.76007941e-01 8.80099556e-01
  8.97165513e-01]
 [1.85596718e-04 6.08742580e-03 2.36331004e-02 4.46921329e-02
  3.45982097e-02]]
#####################################################################
Train graphs:8,Test graphs:8,hidden_nodes:0.95, k_days:15
No.of_days_used:180
GCN1(
  (conv1): GCNConv(5, 16)
  (conv2): GCNConv(16, 16)
  (conv3): GCNConv(16, 16)
  (conv4): GCNConv(16, 16)
  (out): Linear(in_features=16, out_features=5, bias=True)
)
[0m 0s], Epoch: 000, Loss: 1.6076
[0m 51s], Epoch: 100, Loss: 1.3719
[1m 43s], Epoch: 200, Loss: 1.3446
[2m 35s], Epoch: 300, Loss: 1.3423
[3m 27s], Epoch: 400, Loss: 1.3407
[4m 19s], Epoch: 500, Loss: 1.3390
[5m 11s], Epoch: 600, Loss: 1.3385
[6m 2s], Epoch: 700, Loss: 1.3376
[6m 54s], Epoch: 800, Loss: 1.3377
[7m 46s], Epoch: 900, Loss: 1.3374
Test_set:0, Test Accuracy: 0.4760,
 confusion_matrix:[[192644  33091   1048    104      4]
 [  4303  21247   6690    125    525]
 [  2706  27780  31481   4804  13636]
 [   894  15291  55668  73580 185500]
 [    64    639   2063   3489   6624]]
Accuracy = 
[[8.49059681e-01 1.45845362e-01 4.61895800e-03 4.58369878e-04
  1.76296107e-05]
 [1.30830040e-01 6.46001824e-01 2.03405290e-01 3.80054728e-03
  1.59622986e-02]
 [3.36537864e-02 3.45492308e-01 3.91520639e-01 5.97460420e-02
  1.69587225e-01]
 [2.70145316e-03 4.62057274e-02 1.68215319e-01 2.22341078e-01
  5.60536423e-01]
 [4.96932992e-03 4.96156534e-02 1.60183244e-01 2.70906126e-01
  5.14325646e-01]]
Precision = 
[[9.60286325e-01 3.37497960e-01 1.08096957e-02 1.26671701e-03
  1.93902729e-05]
 [2.14494719e-02 2.16699984e-01 6.90046416e-02 1.52249641e-03
  2.54497331e-03]
 [1.34887917e-02 2.83330614e-01 3.24713770e-01 5.85125819e-02
  6.61014402e-02]
 [4.45638574e-03 1.55954227e-01 5.74192883e-01 8.96202285e-01
  8.99223904e-01]
 [3.19025377e-04 6.51721606e-03 2.12790098e-02 4.24959197e-02
  3.21102919e-02]]
Test_set:1, Test Accuracy: 0.4804,
 confusion_matrix:[[130511  45069   1630    211    155]
 [  3963  23499   9712    242    387]
 [  2425  27357  40936   8794  11573]
 [  1075  15031  64525 127249 154453]
 [    46    630   2863   5275   6389]]
Accuracy = 
[[0.73495855 0.25380119 0.00917917 0.00118822 0.00087287]
 [0.10483295 0.62161733 0.25691083 0.00640161 0.01023728]
 [0.02662348 0.30034583 0.44942636 0.09654718 0.12705714]
 [0.00296688 0.04148394 0.17808204 0.35119352 0.42627362]
 [0.00302572 0.04143919 0.1883181  0.34697099 0.420246  ]]
Precision = 
[[9.45594841e-01 4.03894754e-01 1.36212458e-02 1.48831566e-03
  8.96176506e-04]
 [2.87132300e-02 2.10590934e-01 8.11592265e-02 1.70697815e-03
  2.23755037e-03]
 [1.75699174e-02 2.45165164e-01 3.42085471e-01 6.20296111e-02
  6.69125852e-02]
 [7.78872627e-03 1.34703278e-01 5.39209132e-01 8.97567203e-01
  8.93013870e-01]
 [3.33285031e-04 5.64586955e-03 2.39249244e-02 3.72078916e-02
  3.69398174e-02]]
Test_set:2, Test Accuracy: 0.5623,
 confusion_matrix:[[210212  32272   1266     46    221]
 [  4398  21400   7196     92    677]
 [  3015  25192  34010   7174  11177]
 [   928  14032  65877 114967 116824]
 [    34    657   2904   5400   4029]]
Accuracy = 
[[8.61464570e-01 1.32253081e-01 5.18816312e-03 1.88511456e-04
  9.05674605e-04]
 [1.30260937e-01 6.33829932e-01 2.13132719e-01 2.72487634e-03
  2.00515357e-02]
 [3.74218052e-02 3.12679972e-01 4.22127892e-01 8.90427961e-02
  1.38727535e-01]
 [2.96838415e-03 4.48840155e-02 2.10720089e-01 3.67743772e-01
  3.73683739e-01]
 [2.61056511e-03 5.04453317e-02 2.22972973e-01 4.14619165e-01
  3.09351966e-01]]
Precision = 
[[9.61685736e-01 3.44959542e-01 1.13794684e-02 3.60278511e-04
  1.66255416e-03]
 [2.01201352e-02 2.28747341e-01 6.46814018e-02 7.20557022e-04
  5.09298267e-03]
 [1.37931350e-02 2.69280515e-01 3.05699622e-01 5.61877834e-02
  8.40831127e-02]
 [4.24544918e-03 1.49989845e-01 5.92136841e-01 9.00437817e-01
  8.78851709e-01]
 [1.55544474e-04 7.02275715e-03 2.61026669e-02 4.22935643e-02
  3.03096413e-02]]
#####################################################################
